0.0 0.0 0.0 0.0
0.366 -0.339 0.867 2000.0
-0.977 -0.163 0.139 300.0
0.974 0.216 0.061 2000.0
-0.136 0.936 0.324 2000.0
-0.757 -0.037 -0.652 300.0
0.520 -0.019 -0.854 1000.0
-0.597 0.582 -0.553 1000.0
-0.810 -0.243 0.534 2000.0
-0.400 0.693 0.600 2000.0
0.572 0.460 0.679 1000.0
0.203 -0.404 -0.892 2000.0
0.592 -0.709 0.382 2000.0
-0.318 -0.880 -0.353 2000.0
0.644 0.158 -0.749 2000.0
-0.951 0.216 -0.221 2000.0
0.573 -0.799 0.182 1000.0
0.115 -0.361 0.926 300.0
-0.101 0.657 -0.747 2000.0
-0.084 -0.806 0.586 2000.0
-0.977 -0.163 0.139 0.0
0.094 -0.995 -0.045 2000.0
-0.939 -0.034 0.343 2000.0
0.294 0.784 0.546 300.0
-0.023 0.934 -0.355 2000.0
-0.924 -0.067 -0.376 2000.0
-0.102 -0.161 -0.982 2000.0
0.380 -0.665 0.643 2000.0
0.682 -0.151 -0.716 2000.0
0.792 -0.604 -0.089 300.0
0.537 0.644 0.545 2000.0
0.887 0.357 0.292 2000.0
-0.605 0.792 0.078 2000.0
0.639 -0.611 -0.468 2000.0
0.182 0.620 -0.763 1000.0
0.944 -0.255 -0.210 1000.0
-0.078 -0.455 0.887 2000.0
-0.453 -0.890 0.041 1000.0
-0.134 0.674 0.727 2000.0
0.405 0.107 0.908 2000.0
0.974 0.216 0.061 0.0
0.916 -0.400 -0.019 2000.0
-0.037 -0.990 0.134 1000.0
-0.778 0.455 -0.433 2000.0
-0.131 -0.041 0.990 2000.0
0.377 0.469 -0.798 2000.0
-0.672 0.692 0.265 1000.0
0.323 -0.939 -0.120 1000.0
-0.623 -0.538 0.568 2000.0
-0.359 0.128 0.925 2000.0
-0.136 -0.248 0.959 1000.0
0.257 0.938 -0.231 2000.0
0.988 0.011 0.156 1000.0
-0.739 -0.423 -0.525 2000.0
-0.042 -0.840 -0.541 2000.0
0.384 0.203 -0.901 2000.0
0.538 0.759 0.367 1000.0
-0.875 0.431 -0.219 1000.0
-0.434 0.842 0.320 2000.0
-0.298 -0.637 -0.711 2000.0
-0.136 0.936 0.324 0.0
-0.376 0.106 -0.921 1000.0
-0.887 -0.453 0.087 2000.0
0.116 0.945 0.306 1000.0
-0.266 -0.301 -0.916 1000.0
0.994 -0.085 -0.070 2000.0
-0.836 -0.210 -0.507 1000.0
0.656 0.206 0.726 2000.0
0.725 -0.204 0.658 1000.0
-0.146 0.146 -0.978 2000.0
0.082 0.467 0.880 2000.0
-0.585 -0.392 0.710 1000.0
-0.713 -0.700 0.051 2000.0
0.247 -0.825 -0.509 1000.0
-0.295 -0.845 0.446 1000.0
-0.340 0.858 -0.384 2000.0
-0.824 -0.009 0.566 1000.0
-0.593 0.102 -0.799 2000.0
0.721 0.637 0.273 2000.0
-0.524 -0.840 -0.142 2000.0
-0.757 -0.037 -0.652 0.0
0.846 0.517 0.130 1000.0
-0.422 -0.398 -0.815 2000.0
-0.556 0.426 0.714 2000.0
-0.830 0.472 0.297 2000.0
-0.360 -0.704 0.612 2000.0
0.099 0.672 0.734 1000.0
0.847 -0.171 0.503 2000.0
0.389 -0.917 0.092 2000.0
-0.914 -0.291 0.283 1000.0
0.123 -0.199 -0.972 1000.0
-0.188 0.962 -0.197 300.0
0.519 0.813 -0.265 2000.0
0.434 -0.308 -0.847 300.0
0.267 -0.517 0.813 1000.0
0.855 -0.227 -0.466 2000.0
-0.534 -0.708 0.462 300.0
0.216 0.974 0.071 2000.0
0.762 -0.632 0.142 2000.0
0.803 0.475 -0.359 2000.0
0.520 -0.019 -0.854 0.0
-0.181 0.831 -0.526 1000.0
0.701 0.650 -0.293 1000.0
0.719 -0.403 -0.566 1000.0
-0.591 0.409 -0.695 2000.0
-0.349 0.530 0.773 1000.0
-0.597 0.582 -0.553 0.0
